0
10 19 7.28
6 15 79.81
9 15 64.76
16 18 33.96
13 18 72.01
13 17 45.97
5 18 60.01
2 25 25.08
8 14 21.54
2 4 46.17
16 21 35.78
19 23 20.02
16 24 72.62
4 6 84.40
2 20 52.20
1 2 15.81
7 21 106.22
0 1 56.85
13 20 34.89
12 21 89.87
2 23 20.81
4 11 82.98
0 5 31.78
2 18 70.35
11 24 4.47
7 14 77.78
12 15 70.09
4 8 95.13
9 23 63.79
2 6 93.38
11 15 77.62
0 16 22.09
1 19 42.19
8 12 82.15
4 18 91.79
9 14 52.63
3 9 38.08
0 3 60.83
11 12 77.25
15 22 68.77
19 25 58.01
11 17 37.36
5 21 64.08
3 10 81.02
20 21 86.05
8 15 18.44
0 24 51.97
0 21 48.41
6 8 73.06
2 16 37.01
3 18 93.24
6 14 68.95
14 16 8.00
7 18 92.78
17 20 16.12
2 8 65.62
9 11 37.00
4 10 68.88
10 25 51.22
17 19 63.29
5 7 50.16
3 20 23.43
9 22 41.15
20 23 62.03
1 21 74.03
4 7 10.77
0 15 34.93
0 11 49.65
21 25 88.55
16 22 53.41
17 21 78.77
7 24 75.95
10 13 41.77
21 22 88.75
9 10 59.03
17 23 65.51
3 15 92.65
7 20 25.32
22 24 77.82
2 15 48.76
14 19 12.81
10 22 53.91
13 22 13.60
14 25 60.01
1 5 27.46
23 24 91.59
4 24 82.01
0 12 45.88
4 12 13.45
2 24 92.63
15 17 66.94
3 25 42.58
15 18 30.48
10 17 61.01
14 18 26.25
1 9 74.79
8 25 81.54
7 22 22.56
13 25 9.85
3 8 100.50
2 21 71.06
24 25 86.45
0 9 29.83
1 20 68.01
18 21 24.02
10 11 80.06
13 19 48.41
2 13 19.03
5 19 33.02
15 24 81.02
8 16 29.12
7 10 74.63
8 11 71.03
7 23 71.31
7 15 87.97
1 15 52.04
12 18 79.71
5 13 15.56
2 3 65.07
2 19 38.60
1 18 78.16
13 21 78.71
15 19 10.20
17 22 41.18
11 20 53.37
9 12 40.31
0 17 32.02
5 10 26.25
14 15 12.17
1 22 47.00
4 5 43.27
21 24 83.10
7 13 36.14
14 22 59.91
16 23 22.83
10 18 43.08
4 9 46.39
2 5 12.81
4 23 64.01
12 20 25.61
22 23 49.19
20 24 52.50
6 7 78.64
17 25 50.22
4 20 29.61
0 20 37.64
5 15 42.54
6 23 91.53
11 13 80.45
4 13 28.18
12 14 61.03
5 17 48.75
11 21 79.03
13 15 57.69
0 2 44.29
10 24 82.76
6 21 81.01
14 24 69.92
13 16 42.94
12 13 15.52
2 12 34.37
19 24 81.93
3 11 70.06
5 23 21.19
3 12 31.06
12 16 54.67
0 10 31.32
5 16 28.46
12 23 50.99
11 16 69.78
1 3 80.02
3 13 46.04
16 19 10.00
0 22 45.35
7 11 77.41
13 23 35.85
11 23 89.31
6 17 38.90
9 20 17.00
8 13 71.69
14 23 30.08
14 21 28.84
1 6 107.56
13 24 81.02
9 21 76.54
4 21 103.00
8 22 81.12
6 12 78.92
6 11 2.24
9 13 45.28
3 16 77.18
15 20 70.66
0 19 32.06
8 23 48.09
8 9 67.60
2 17 60.54
14 17 54.82
3 4 23.71
5 11 78.52
12 22 2.00
7 12 20.62
6 13 82.38
16 25 52.77
2 9 59.36
16 17 53.34
3 22 33.06
9 18 57.38
6 22 79.71
2 11 91.29
8 21 8.94
11 18 55.08
2 14 45.01
8 10 35.00
7 9 42.19
10 12 55.44
17 18 59.55
19 20 64.85
4 19 75.01
20 25 36.80
10 14 17.00
19 21 32.56
23 25 44.20
18 24 59.21
6 24 3.61
1 11 105.42
16 20 55.54
8 17 69.84
12 25 12.08
22 25 10.30
1 23 22.20
15 21 22.36
10 20 60.88
18 19 37.59
3 17 36.40
6 16 72.01
0 7 59.08
3 5 58.46
18 22 79.06
7 17 41.05
8 24 75.00
6 9 38.63
2 10 31.32
0 18 34.01
1 7 69.18
18 20 69.81
12 19 61.55
0 25 49.04
0 23 39.66
1 16 44.27
20 22 26.91
3 24 68.01
2 7 54.92
3 14 81.61
9 16 51.24
4 14 74.20
6 20 54.82
17 24 36.77
0 13 40.05
4 25 21.38
13 14 50.16
1 14 51.92
11 19 78.92
5 12 30.02
8 19 28.07
7 16 72.35
10 21 39.81
5 8 57.57
6 10 82.30
15 23 30.02
6 25 88.12
9 25 49.93
1 24 107.06
11 22 78.00
4 17 45.71
1 4 59.68
10 16 10.63
14 20 59.17
1 13 34.23
3 21 109.12
7 8 97.95
9 24 36.67
10 15 17.46
5 9 47.41
0 4 57.78
12 17 40.25
0 6 51.87
5 20 42.30
5 24 79.93
11 25 86.31
7 25 31.00
1 17 76.06
19 22 60.11
8 18 16.76
4 16 68.01
7 19 80.21
5 14 36.14
5 25 25.00
18 23 56.30
6 19 81.15
5 22 28.30
8 20 77.34
15 16 15.62
5 6 80.62
12 24 76.97
10 23 13.34
11 14 66.73
1 12 49.00
4 15 83.49
3 19 85.88
21 23 52.24
1 10 35.51
6 18 57.04
9 19 61.20
3 7 13.04
18 25 81.58
15 25 67.42
3 6 71.01
2 22 32.39
4 22 15.00
9 17 2.24
0 14 22.80
3 23 79.56
1 25 38.33
1 8 70.26
0 8 39.70
